{
    "camera_angle_x": 0,
    "frames": [
        {
            "file_path": "./train/0000_shot.png",
            "rotation": 0.6,
            "transform_matrix": [
                [
                    -0.9127825,
                    0.1180783,
                    -0.3910061,
                    -0.2346036
                ],
                [
                    0,
                    0.9573014,
                    0.2890916,
                    0.1734549
                ],
                [
                    -0.4084461,
                    -0.2638777,
                    0.873808,
                    0.5242847
                ],
                [
                    0,
                    0,
                    0,
                    1
                ]
            ]
        },
        {
            "file_path": "./train/0001_shot.png",
            "rotation": 0.6,
            "transform_matrix": [
                [
                    -0.8614184,
                    -0.1227147,
                    0.4928481,
                    0.2957089
                ],
                [
                    0,
                    0.9703725,
                    0.2416138,
                    0.1449683
                ],
                [
                    0.5078958,
                    -0.2081306,
                    0.8358967,
                    0.5015381
                ],
                [
                    0,
                    0,
                    0,
                    1
                ]
            ]
        },
        {
            "file_path": "./train/0002_shot.png",
            "rotation": 0.6,
            "transform_matrix": [
                [
                    -0.9818558,
                    0.003278793,
                    0.1896006,
                    0.1137603
                ],
                [
                    -4.657309e-10,
                    0.9998505,
                    -0.01729057,
                    -0.01037434
                ],
                [
                    0.1896289,
                    0.01697685,
                    0.981709,
                    0.5890254
                ],
                [
                    0,
                    0,
                    0,
                    1
                ]
            ]
        },
        {
            "file_path": "./train/0003_shot.png",
            "rotation": 0.6,
            "transform_matrix": [
                [
                    -0.9892265,
                    0.005270832,
                    -0.1462983,
                    -0.08777899
                ],
                [
                    -9.319269e-10,
                    0.9993517,
                    0.03600461,
                    0.02160276
                ],
                [
                    -0.1463933,
                    -0.03561672,
                    0.9885852,
                    0.5931511
                ],
                [
                    0,
                    0,
                    0,
                    1
                ]
            ]
        },
        {
            "file_path": "./train/0004_shot.png",
            "rotation": 0.6,
            "transform_matrix": [
                [
                    -0.9987913,
                    0.006596781,
                    0.04870384,
                    0.0292223
                ],
                [
                    -4.699133e-10,
                    0.9909514,
                    -0.1342212,
                    -0.08053274
                ],
                [
                    0.04914857,
                    0.134059,
                    0.9897536,
                    0.5938522
                ],
                [
                    0,
                    0,
                    0,
                    1
                ]
            ]
        },
        {
            "file_path": "./train/0005_shot.png",
            "rotation": 0.6,
            "transform_matrix": [
                [
                    -0.995828,
                    0.01717908,
                    -0.08961835,
                    -0.053771
                ],
                [
                    1.896558e-09,
                    0.9821184,
                    0.1882638,
                    0.1129583
                ],
                [
                    -0.09125002,
                    -0.1874784,
                    0.9780211,
                    0.5868127
                ],
                [
                    0,
                    0,
                    0,
                    1
                ]
            ]
        },
        {
            "file_path": "./train/0006_shot.png",
            "rotation": 0.6,
            "transform_matrix": [
                [
                    -0.9981228,
                    0.0143926,
                    0.0595265,
                    0.03571591
                ],
                [
                    9.581584e-10,
                    0.9719923,
                    -0.2350129,
                    -0.1410078
                ],
                [
                    0.06124174,
                    0.2345718,
                    0.9701676,
                    0.5821007
                ],
                [
                    0,
                    0,
                    0,
                    1
                ]
            ]
        },
        {
            "file_path": "./train/0007_shot.png",
            "rotation": 0.6,
            "transform_matrix": [
                [
                    -0.9998565,
                    0.008216883,
                    0.01481145,
                    0.008886871
                ],
                [
                    1.065038e-09,
                    0.8744503,
                    -0.4851149,
                    -0.2910689
                ],
                [
                    0.01693801,
                    0.4850453,
                    0.8743248,
                    0.5245949
                ],
                [
                    0,
                    0,
                    0,
                    1
                ]
            ]
        },
        {
            "file_path": "./train/0008_shot.png",
            "rotation": 0.6,
            "transform_matrix": [
                [
                    -0.9996917,
                    0.001965282,
                    -0.02474791,
                    -0.01484875
                ],
                [
                    0,
                    0.9968617,
                    0.07916279,
                    0.04749766
                ],
                [
                    -0.02482582,
                    -0.07913839,
                    0.9965543,
                    0.5979326
                ],
                [
                    0,
                    0,
                    0,
                    1
                ]
            ]
        },
        {
            "file_path": "./train/0009_shot.png",
            "rotation": 0.6,
            "transform_matrix": [
                [
                    -0.9669265,
                    -0.08226404,
                    0.2414241,
                    0.1448545
                ],
                [
                    -1.574248e-08,
                    0.9465576,
                    0.3225346,
                    0.1935208
                ],
                [
                    0.2550549,
                    -0.3118673,
                    0.9152516,
                    0.549151
                ],
                [
                    0,
                    0,
                    0,
                    1
                ]
            ]
        },
        {
            "file_path": "./train/0010_shot.png",
            "rotation": 0.6,
            "transform_matrix": [
                [
                    -0.7375304,
                    -0.04392169,
                    0.6738839,
                    0.4043304
                ],
                [
                    7.466389e-09,
                    0.9978827,
                    0.06503895,
                    0.03902337
                ],
                [
                    0.6753137,
                    -0.04796821,
                    0.7359689,
                    0.4415814
                ],
                [
                    0,
                    0,
                    0,
                    1
                ]
            ]
        },
        {
            "file_path": "./train/0011_shot.png",
            "rotation": 0.6,
            "transform_matrix": [
                [
                    -0.9979599,
                    0.01107522,
                    0.06287665,
                    0.03772599
                ],
                [
                    0,
                    0.9848388,
                    -0.1734715,
                    -0.1040829
                ],
                [
                    0.06384461,
                    0.1731176,
                    0.9828296,
                    0.5896978
                ],
                [
                    0,
                    0,
                    0,
                    1
                ]
            ]
        },
        {
            "file_path": "./train/0012_shot.png",
            "rotation": 0.6,
            "transform_matrix": [
                [
                    -0.9999549,
                    -0.0003851214,
                    0.009466118,
                    0.005679673
                ],
                [
                    -8.738373e-11,
                    0.9991735,
                    0.04065056,
                    0.02439034
                ],
                [
                    0.00947395,
                    -0.04064874,
                    0.9991285,
                    0.5994772
                ],
                [
                    0,
                    0,
                    0,
                    1
                ]
            ]
        },
        {
            "file_path": "./train/0013_shot.png",
            "rotation": 0.6,
            "transform_matrix": [
                [
                    -0.9995076,
                    -0.005271506,
                    -0.03092844,
                    -0.01855707
                ],
                [
                    0,
                    0.9857838,
                    -0.168019,
                    -0.1008114
                ],
                [
                    -0.03137447,
                    0.1679363,
                    0.9852984,
                    0.5911791
                ],
                [
                    0,
                    0,
                    0,
                    1
                ]
            ]
        },
        {
            "file_path": "./train/0014_shot.png",
            "rotation": 0.6,
            "transform_matrix": [
                [
                    -0.892554,
                    -0.1016872,
                    -0.4393253,
                    -0.2635953
                ],
                [
                    -3.059023e-08,
                    0.974243,
                    -0.2255005,
                    -0.1353003
                ],
                [
                    -0.4509401,
                    0.2012714,
                    0.8695644,
                    0.5217388
                ],
                [
                    0,
                    0,
                    0,
                    1
                ]
            ]
        },
        {
            "file_path": "./train/0015_shot.png",
            "rotation": 0.6,
            "transform_matrix": [
                [
                    -0.8335154,
                    0.2609146,
                    -0.4870069,
                    -0.2922042
                ],
                [
                    1.014298e-07,
                    0.8814665,
                    0.4722467,
                    0.2833481
                ],
                [
                    -0.5524961,
                    -0.3936248,
                    0.7347157,
                    0.4408295
                ],
                [
                    0,
                    0,
                    0,
                    1
                ]
            ]
        },
        {
            "file_path": "./train/0016_shot.png",
            "rotation": 0.6,
            "transform_matrix": [
                [
                    -0.9290866,
                    0.2112521,
                    0.3035956,
                    0.1821574
                ],
                [
                    -1.815365e-08,
                    0.8208354,
                    -0.5711648,
                    -0.3426989
                ],
                [
                    0.3698618,
                    0.5306617,
                    0.7626272,
                    0.4575764
                ],
                [
                    0,
                    0,
                    0,
                    1
                ]
            ]
        },
        {
            "file_path": "./train/0017_shot.png",
            "rotation": 0.6,
            "transform_matrix": [
                [
                    -0.9965001,
                    -0.008876744,
                    0.08311774,
                    0.04987065
                ],
                [
                    -9.366187e-10,
                    0.9943455,
                    0.1061933,
                    0.06371602
                ],
                [
                    0.0835904,
                    -0.1058217,
                    0.9908654,
                    0.5945193
                ],
                [
                    0,
                    0,
                    0,
                    1
                ]
            ]
        },
        {
            "file_path": "./train/0018_shot.png",
            "rotation": 0.6,
            "transform_matrix": [
                [
                    -0.9935622,
                    0.01356944,
                    -0.1124706,
                    -0.06748239
                ],
                [
                    -9.380763e-10,
                    0.9928004,
                    0.1197801,
                    0.07186806
                ],
                [
                    -0.1132862,
                    -0.119009,
                    0.9864091,
                    0.5918455
                ],
                [
                    0,
                    0,
                    0,
                    1
                ]
            ]
        },
        {
            "file_path": "./train/0019_shot.png",
            "rotation": 0.6,
            "transform_matrix": [
                [
                    -0.9395635,
                    0.08745444,
                    -0.3310171,
                    -0.1986102
                ],
                [
                    -7.706224e-09,
                    0.9668263,
                    0.2554347,
                    0.1532608
                ],
                [
                    -0.3423749,
                    -0.2399971,
                    0.9083947,
                    0.5450368
                ],
                [
                    0,
                    0,
                    0,
                    1
                ]
            ]
        },
        {
            "file_path": "./train/0020_shot.png",
            "rotation": 0.6,
            "transform_matrix": [
                [
                    -0.9949512,
                    -0.02613143,
                    0.09689713,
                    0.05813828
                ],
                [
                    -3.85838e-09,
                    0.9655063,
                    0.2603798,
                    0.1562279
                ],
                [
                    0.1003589,
                    -0.2590652,
                    0.9606316,
                    0.576379
                ],
                [
                    0,
                    0,
                    0,
                    1
                ]
            ]
        },
        {
            "file_path": "./train/0021_shot.png",
            "rotation": 0.6,
            "transform_matrix": [
                [
                    -0.985532,
                    0.03046502,
                    -0.1667289,
                    -0.1000373
                ],
                [
                    3.786969e-09,
                    0.9837131,
                    0.179746,
                    0.1078476
                ],
                [
                    -0.1694893,
                    -0.1771454,
                    0.9694807,
                    0.5816885
                ],
                [
                    0,
                    0,
                    0,
                    1
                ]
            ]
        },
        {
            "file_path": "./train/0022_shot.png",
            "rotation": 0.6,
            "transform_matrix": [
                [
                    -0.9531263,
                    0.06758577,
                    -0.2949273,
                    -0.1769564
                ],
                [
                    -7.64371e-09,
                    0.9747336,
                    0.2233707,
                    0.1340224
                ],
                [
                    -0.3025723,
                    -0.2129005,
                    0.9290444,
                    0.5574266
                ],
                [
                    0,
                    0,
                    0,
                    1
                ]
            ]
        },
        {
            "file_path": "./train/0023_shot.png",
            "rotation": 0.6,
            "transform_matrix": [
                [
                    -0.9995922,
                    -0.001897137,
                    -0.02848728,
                    -0.01709237
                ],
                [
                    -1.166732e-10,
                    0.9977898,
                    -0.06644876,
                    -0.03986926
                ],
                [
                    -0.02855038,
                    0.06642167,
                    0.9973829,
                    0.5984299
                ],
                [
                    0,
                    0,
                    0,
                    1
                ]
            ]
        },
        {
            "file_path": "./train/0024_shot.png",
            "rotation": 0.6,
            "transform_matrix": [
                [
                    -0.9611115,
                    -0.07333351,
                    -0.2662455,
                    -0.1597473
                ],
                [
                    -7.728033e-09,
                    0.9640979,
                    -0.2655471,
                    -0.1593283
                ],
                [
                    -0.2761602,
                    0.2552203,
                    0.9266057,
                    0.5559635
                ],
                [
                    0,
                    0,
                    0,
                    1
                ]
            ]
        },
        {
            "file_path": "./train/0025_shot.png",
            "rotation": 0.6,
            "transform_matrix": [
                [
                    -0.8621553,
                    -0.04782303,
                    -0.5043817,
                    -0.3026291
                ],
                [
                    -3.741998e-09,
                    0.9955351,
                    -0.0943918,
                    -0.05663508
                ],
                [
                    -0.5066438,
                    0.0813804,
                    0.8583059,
                    0.5149835
                ],
                [
                    0,
                    0,
                    0,
                    1
                ]
            ]
        },
        {
            "file_path": "./train/0026_shot.png",
            "rotation": 0.6,
            "transform_matrix": [
                [
                    -0.8879946,
                    -0.1088144,
                    0.4467936,
                    0.2680763
                ],
                [
                    -7.66836e-09,
                    0.9716002,
                    0.2366284,
                    0.1419771
                ],
                [
                    0.4598534,
                    -0.2101248,
                    0.8627757,
                    0.5176656
                ],
                [
                    0,
                    0,
                    0,
                    1
                ]
            ]
        },
        {
            "file_path": "./train/0027_shot.png",
            "rotation": 0.6,
            "transform_matrix": [
                [
                    -0.9371789,
                    -0.1822894,
                    0.2974324,
                    0.1784595
                ],
                [
                    -5.243126e-08,
                    0.8526114,
                    0.5225456,
                    0.3135274
                ],
                [
                    0.3488487,
                    -0.4897188,
                    0.7990493,
                    0.4794296
                ],
                [
                    0,
                    0,
                    0,
                    1
                ]
            ]
        },
        {
            "file_path": "./train/0028_shot.png",
            "rotation": 0.6,
            "transform_matrix": [
                [
                    -0.9881921,
                    -0.03963248,
                    0.1480038,
                    0.08880231
                ],
                [
                    -3.856541e-09,
                    0.9659666,
                    0.2586666,
                    0.1551999
                ],
                [
                    0.1532184,
                    -0.2556123,
                    0.9545608,
                    0.5727366
                ],
                [
                    0,
                    0,
                    0,
                    1
                ]
            ]
        },
        {
            "file_path": "./train/0029_shot.png",
            "rotation": 0.6,
            "transform_matrix": [
                [
                    -0.9993339,
                    0.02200699,
                    0.02910952,
                    0.01746571
                ],
                [
                    -2.335037e-09,
                    0.7976942,
                    -0.6030622,
                    -0.3618373
                ],
                [
                    0.03649208,
                    0.6026605,
                    0.797163,
                    0.4782978
                ],
                [
                    0,
                    0,
                    0,
                    1
                ]
            ]
        },
        {
            "file_path": "./train/0030_shot.png",
            "rotation": 0.6,
            "transform_matrix": [
                [
                    -0.9405384,
                    0.1253812,
                    -0.3157004,
                    -0.1894203
                ],
                [
                    0,
                    0.9293866,
                    0.369108,
                    0.2214648
                ],
                [
                    -0.339687,
                    -0.3471603,
                    0.8741238,
                    0.5244743
                ],
                [
                    0,
                    0,
                    0,
                    1
                ]
            ]
        },
        {
            "file_path": "./train/0031_shot.png",
            "rotation": 0.6,
            "transform_matrix": [
                [
                    -0.9607481,
                    -0.08701715,
                    0.2634214,
                    0.1580528
                ],
                [
                    7.846564e-09,
                    0.9495342,
                    0.3136637,
                    0.1881982
                ],
                [
                    0.2774217,
                    -0.3013519,
                    0.9122632,
                    0.5473579
                ],
                [
                    0,
                    0,
                    0,
                    1
                ]
            ]
        },
        {
            "file_path": "./train/0032_shot.png",
            "rotation": 0.6,
            "transform_matrix": [
                [
                    -0.9120728,
                    -0.01182609,
                    -0.4098574,
                    -0.2459145
                ],
                [
                    9.317102e-10,
                    0.999584,
                    -0.02884215,
                    -0.01730529
                ],
                [
                    -0.4100279,
                    0.02630615,
                    0.9116933,
                    0.5470162
                ],
                [
                    0,
                    0,
                    0,
                    1
                ]
            ]
        },
        {
            "file_path": "./train/0033_shot.png",
            "rotation": 0.6,
            "transform_matrix": [
                [
                    -0.9952511,
                    -0.01375665,
                    -0.09636346,
                    -0.05781808
                ],
                [
                    2.822294e-09,
                    0.9899632,
                    -0.1413252,
                    -0.0847951
                ],
                [
                    -0.09734044,
                    0.140654,
                    0.9852621,
                    0.5911573
                ],
                [
                    0,
                    0,
                    0,
                    1
                ]
            ]
        },
        {
            "file_path": "./train/0034_shot.png",
            "rotation": 0.6,
            "transform_matrix": [
                [
                    -0.9953591,
                    -0.06376133,
                    -0.07207109,
                    -0.04324266
                ],
                [
                    0,
                    0.748965,
                    -0.6626096,
                    -0.3975658
                ],
                [
                    -0.09622759,
                    0.6595347,
                    0.7454892,
                    0.4472936
                ],
                [
                    0,
                    0,
                    0,
                    1
                ]
            ]
        },
        {
            "file_path": "./train/0035_shot.png",
            "rotation": 0.6,
            "transform_matrix": [
                [
                    -0.8052229,
                    0.04465979,
                    -0.5912877,
                    -0.3547727
                ],
                [
                    3.735901e-09,
                    0.9971597,
                    0.07531517,
                    0.0451891
                ],
                [
                    -0.5929719,
                    -0.06064552,
                    0.8029359,
                    0.4817617
                ],
                [
                    0,
                    0,
                    0,
                    1
                ]
            ]
        },
        {
            "file_path": "./train/0036_shot.png",
            "rotation": 0.6,
            "transform_matrix": [
                [
                    -0.8978851,
                    -0.2220918,
                    -0.3801016,
                    -0.228061
                ],
                [
                    -3.451672e-08,
                    0.863417,
                    -0.5044909,
                    -0.3026946
                ],
                [
                    -0.4402295,
                    0.4529749,
                    0.7752492,
                    0.4651496
                ],
                [
                    0,
                    0,
                    0,
                    1
                ]
            ]
        },
        {
            "file_path": "./train/0037_shot.png",
            "rotation": 0.6,
            "transform_matrix": [
                [
                    -0.9765379,
                    0.03867137,
                    -0.2118447,
                    -0.1271069
                ],
                [
                    0,
                    0.9837436,
                    0.1795783,
                    0.107747
                ],
                [
                    -0.2153454,
                    -0.175365,
                    0.9606628,
                    0.5763978
                ],
                [
                    0,
                    0,
                    0,
                    1
                ]
            ]
        },
        {
            "file_path": "./train/0038_shot.png",
            "rotation": 0.6,
            "transform_matrix": [
                [
                    -0.9895396,
                    0.02149421,
                    -0.1426514,
                    -0.08559083
                ],
                [
                    0,
                    0.988838,
                    0.1489946,
                    0.08939675
                ],
                [
                    -0.1442616,
                    -0.1474361,
                    0.9784943,
                    0.5870966
                ],
                [
                    0,
                    0,
                    0,
                    1
                ]
            ]
        },
        {
            "file_path": "./train/0039_shot.png",
            "rotation": 0.6,
            "transform_matrix": [
                [
                    -0.8340124,
                    -0.05054044,
                    -0.5494261,
                    -0.3296556
                ],
                [
                    1.496407e-08,
                    0.9957958,
                    -0.09160097,
                    -0.05496059
                ],
                [
                    -0.5517457,
                    0.07639636,
                    0.8305061,
                    0.4983038
                ],
                [
                    0,
                    0,
                    0,
                    1
                ]
            ]
        },
        {
            "file_path": "./train/0040_shot.png",
            "rotation": 0.6,
            "transform_matrix": [
                [
                    -0.9813182,
                    0.09253566,
                    -0.1686759,
                    -0.1012055
                ],
                [
                    1.699622e-08,
                    0.8767335,
                    0.4809763,
                    0.2885858
                ],
                [
                    -0.1923912,
                    -0.4719909,
                    0.8603545,
                    0.5162128
                ],
                [
                    0,
                    0,
                    0,
                    1
                ]
            ]
        },
        {
            "file_path": "./train/0041_shot.png",
            "rotation": 0.6,
            "transform_matrix": [
                [
                    -0.942041,
                    -0.1924878,
                    0.2747855,
                    0.1648713
                ],
                [
                    0,
                    0.8190387,
                    0.5737382,
                    0.344243
                ],
                [
                    0.3354975,
                    -0.540485,
                    0.7715679,
                    0.4629408
                ],
                [
                    0,
                    0,
                    0,
                    1
                ]
            ]
        },
        {
            "file_path": "./train/0042_shot.png",
            "rotation": 0.6,
            "transform_matrix": [
                [
                    -0.9828475,
                    0.002000576,
                    -0.1844092,
                    -0.1106455
                ],
                [
                    2.328444e-10,
                    0.9999412,
                    0.01084793,
                    0.00650876
                ],
                [
                    -0.18442,
                    -0.01066186,
                    0.9827896,
                    0.5896739
                ],
                [
                    0,
                    0,
                    0,
                    1
                ]
            ]
        },
        {
            "file_path": "./train/0043_shot.png",
            "rotation": 0.6,
            "transform_matrix": [
                [
                    -0.9976071,
                    -0.004603471,
                    -0.0689851,
                    -0.04139106
                ],
                [
                    4.66697e-10,
                    0.9977809,
                    -0.06658329,
                    -0.03994996
                ],
                [
                    -0.06913853,
                    0.06642396,
                    0.9953932,
                    0.5972359
                ],
                [
                    0,
                    0,
                    0,
                    1
                ]
            ]
        },
        {
            "file_path": "./train/0044_shot.png",
            "rotation": 0.6,
            "transform_matrix": [
                [
                    -0.8791402,
                    0.09225,
                    0.4675492,
                    0.2805296
                ],
                [
                    -7.594219e-09,
                    0.9810858,
                    -0.1935735,
                    -0.1161442
                ],
                [
                    0.476563,
                    0.1701783,
                    0.862512,
                    0.5175072
                ],
                [
                    0,
                    0,
                    0,
                    1
                ]
            ]
        },
        {
            "file_path": "./train/0045_shot.png",
            "rotation": 0.6,
            "transform_matrix": [
                [
                    -0.9456321,
                    0.1987324,
                    0.2574592,
                    0.1544756
                ],
                [
                    1.882405e-08,
                    0.7916024,
                    -0.6110365,
                    -0.3666219
                ],
                [
                    0.3252381,
                    0.5778158,
                    0.7485647,
                    0.4491388
                ],
                [
                    0,
                    0,
                    0,
                    1
                ]
            ]
        },
        {
            "file_path": "./train/0046_shot.png",
            "rotation": 0.6,
            "transform_matrix": [
                [
                    -0.9999052,
                    0.003087341,
                    0.0134237,
                    0.008054218
                ],
                [
                    -4.778185e-10,
                    0.9745569,
                    -0.2241402,
                    -0.1344841
                ],
                [
                    0.01377415,
                    0.2241189,
                    0.9744645,
                    0.5846788
                ],
                [
                    0,
                    0,
                    0,
                    1
                ]
            ]
        },
        {
            "file_path": "./train/0047_shot.png",
            "rotation": 0.6,
            "transform_matrix": [
                [
                    -0.9984249,
                    0.01492893,
                    0.05407994,
                    0.03244798
                ],
                [
                    1.932314e-09,
                    0.9639455,
                    -0.2661,
                    -0.15966
                ],
                [
                    0.0561027,
                    0.2656809,
                    0.9624271,
                    0.5774563
                ],
                [
                    0,
                    0,
                    0,
                    1
                ]
            ]
        },
        {
            "file_path": "./train/0048_shot.png",
            "rotation": 0.6,
            "transform_matrix": [
                [
                    -0.8903319,
                    0.1217882,
                    -0.4387218,
                    -0.2632331
                ],
                [
                    0,
                    0.9635626,
                    0.267483,
                    0.1604898
                ],
                [
                    -0.4553122,
                    -0.2381486,
                    0.8578904,
                    0.5147343
                ],
                [
                    0,
                    0,
                    0,
                    1
                ]
            ]
        },
        {
            "file_path": "./train/0049_shot.png",
            "rotation": 0.6,
            "transform_matrix": [
                [
                    -0.9438249,
                    -0.2015671,
                    -0.2618499,
                    -0.1571099
                ],
                [
                    -1.880479e-08,
                    0.7924132,
                    -0.6099846,
                    -0.3659908
                ],
                [
                    -0.3304461,
                    0.5757188,
                    0.7478994,
                    0.4487396
                ],
                [
                    0,
                    0,
                    0,
                    1
                ]
            ]
        },
        {
            "file_path": "./train/0050_shot.png",
            "rotation": 0.6,
            "transform_matrix": [
                [
                    -0.9980341,
                    0.04093255,
                    -0.04745532,
                    -0.0284732
                ],
                [
                    4.919628e-09,
                    0.7572302,
                    0.6531481,
                    0.391889
                ],
                [
                    -0.06266963,
                    -0.6518642,
                    0.7557415,
                    0.453445
                ],
                [
                    0,
                    0,
                    0,
                    1
                ]
            ]
        },
        {
            "file_path": "./train/0051_shot.png",
            "rotation": 0.6,
            "transform_matrix": [
                [
                    -0.9996873,
                    -0.0002748334,
                    0.02500124,
                    0.01500075
                ],
                [
                    5.821118e-11,
                    0.9999396,
                    0.01099212,
                    0.006595274
                ],
                [
                    0.02500276,
                    -0.01098869,
                    0.9996269,
                    0.5997762
                ],
                [
                    0,
                    0,
                    0,
                    1
                ]
            ]
        },
        {
            "file_path": "./train/0052_shot.png",
            "rotation": 0.6,
            "transform_matrix": [
                [
                    -0.9079024,
                    0.1320466,
                    -0.3978402,
                    -0.2387042
                ],
